
========================================
1) Floyd-Warshall's algorithm:

Distance matrix: 
s\t  |   1|   2|   3|   4|   5|   6|   7|   8|   9|  10|
-------------------------------------------------------
    1|   0| -10| -21| -15| -20|  -5|  -7|  -8|  -6|  -8|
    2|  10|   0| -11|  -5| -10|   5|   3|   2|   4|   2|
    3|  21|  11|   0|   6|   1|  16|  14|  13|  15|  13|
    4|  15|   5|  -6|   0|  -5|  10|   8|   7|   9|   7|
    5|  20|  10|  -1|   5|   0|  15|  13|  12|  14|  12|
    6|   5|  -5| -16| -10| -15|   0|  -2|  -3|  -1|  -3|
    7|   7|  -3| -14|  -8| -13|   2|   0|  -1|   1|  -1|
    8|   8|  -2| -13|  -7| -12|   3|   1|   0|   2|   0|
    9|   6|  -4| -15|  -9| -14|   1|  -1|  -2|   0|  -2|
   10|   8|  -2| -13|  -7| -12|   3|   1|   0|   2|   0|

Path from #3 to #8:
3 -> 7 -> 2 -> 4 -> 1 -> 6 -> 9 -> 8

========================================
2) Johnson's algorithm:

Distance matrix: 
s\t  |   1|   2|   3|   4|   5|   6|   7|   8|   9|  10|
-------------------------------------------------------
    1|   0| -10| -21| -15| -20|  -5|  -7|  -8|  -6|  -8|
    2|  10|   0| -11|  -5| -10|   5|   3|   2|   4|   2|
    3|  21|  11|   0|   6|   1|  16|  14|  13|  15|  13|
    4|  15|   5|  -6|   0|  -5|  10|   8|   7|   9|   7|
    5|  20|  10|  -1|   5|   0|  15|  13|  12|  14|  12|
    6|   5|  -5| -16| -10| -15|   0|  -2|  -3|  -1|  -3|
    7|   7|  -3| -14|  -8| -13|   2|   0|  -1|   1|  -1|
    8|   8|  -2| -13|  -7| -12|   3|   1|   0|   2|   0|
    9|   6|  -4| -15|  -9| -14|   1|  -1|  -2|   0|  -2|
   10|   8|  -2| -13|  -7| -12|   3|   1|   0|   2|   0|

Path from #3 to #8:
3 -> 7 -> 2 -> 4 -> 1 -> 6 -> 9 -> 8
